29359
908197
554485
661301
401310
770512
772511
463313
861319
447427
856159
110632
451273
717285
743823
836116
37256
510054
184187
495128
276164
327778
370646
206949
328523
562612
853211
588076
816850
330483
600582
936827
159799
437537
795564
197469
962237
929117
997129
754323
117813
134858
687593
603415
425290
646077
280863
617019
881478
935346
213133
827951
121227
397010
95867
682032
913905
661238
85993
603790
727948
63070
870922
762233
850116
124013
859501
387830
480221
771140
408171
268357
154684
363209
64210
787610
675778
54755
59762
308850
291384
528956
543505
911625
645034
300551
152334
795816
821363
454106
494239
55679
808342
331956
552115
965172
392166
542872
599319
139925
575833
97714
697713
399993
254733
867795
635859
332332
576869
987311
187621
798343
48088
74407
674328
748046
600470
482860
185720
328282
714254
261757
911303
132775
552953
425054
975046
398116
442369
365987
201903
51845
226964
246400
622225
129482
813339
967415
21064
268547
303187
335630
292772
341911
719409
361185
152903
272351
663647
961136
963093
489426
594935
453381
609202
12898
622536
686458
822480
977592
115243
159041
302193
602751
241106
997219
28204
98619
244579
113540
567624
695750
531122
474355
569254
675884
16127
985383
502805
689316
776781
916099
728029
815906
191577
877845
274431
509940
630437
874079
748196
614023
30232
483164
969683
602905
815098
845030
286947
566834
594699
378769
206117
192870
759538
464364
273686
729198
619983
345012
636788
567731
402507
360931
84605
527579
337961
494326
311313
836673
128458
397257
619485
773604
288424
727918
747597
250790
323372
922652
679260
677562
646970
971193
455105
741693
167230
959282
11250
359718
772545
306982
149558
2945
842297
680218
768020
148157
775915
243006
343530
313477
175594
208135
15837
654655
463851
661405
542758
294644
371529
504762
370948
514874
485899
142396
235330
557733
592369
957428
659752
694096
261190
94084
175842
844863
426335
656967
222901
937693
163314
198746
744521
727353
734947
670638
861160
68619
452258
679471
458309
65887
44631
321470
993036
459450
267619
536969
334515
167702
365873
521390
245659
703334
966693
938721
613179
615567
924971
535007
780899
52554
441112
803051
644155
342642
215716
953243
900183
297546
208544
290548
987847
573961
876086
898424
612204
300173
874388
606151
972222
234318
104674
4308
810135
172869
834837
605136
635453
246923
94318
9332
19428
861890
909790
621414
276172
683293
507217
812838
318983
838185
349434
528254
441629
797391
346952
456496
102832
72531
896614
804433
493370
37295
30498
453874
866659
22033
924359
8236
686172
612166
695434
812346
543266
371504
226694
109362
400813
292305
933037
95654
139549
490954
701463
797267
476026
457415
433749
503014
80434
443685
350199
700941
330111
803847
424038
879030
502925
286449
465066
181625
954156
502854
284248
817799
506731
468484
444344
10633
565200
718308
489334
228896
347054
524996
953323
457722
782845
482456
836675
690032
680384
961994
486560
244142
276691
961478
208774
235060
175250
450421
442339
664949
11835
567987
97583
354555
986153
596814
758608
631081
191934
749061
52401
161644
941667
944180
39713
600151
377890
238043
360264
779474
178884
301127
573753
582231
327583
68080
10729
762789
477932
593704
953993
570134
502998
274309
686890
434552
33867
743284
231140
914624
2154
860908
273092
766780
949400
958686
471149
367734
275725
872035
626301
140554
273362
36755
633279
834498
306382
577640
339944
773496
542198
121207
643182
40116
602452
268640
611217
969953
471071
945357
966274
488153
396496
623969
759731
71854
812103
333000
879314
746148
482731
670425
788586
808221
338211
416271
92204
394843
341572
660563
687136
256038
142612
173010
2440
465783
930868
261295
366585
168792
801946
594034
816866
65256
988187
967825
666778
807453
75538
79923
140742
745328
903503
856278
956160
691797
810261
146915
823233
436897
358041
94314
93101
644010
36732
811329
10333
191681
179877
50111
956063
688610
123583
614894
696323
712031
761008
64719
474896
76968
180634
309120
147464
607024
210072
943040
119908
886141
631678
788683
547102
60458
676341
864981
422762
381672
38158
967483
138872
639724
382753
931644
851101
978414
437838
210425
40370
931255
924806
830947
243489
4974
763786
81032
940590
812394
674126
873096
258237
264359
923001
612458
994090
328788
991132
296301
938882
27086
990693
246789
12514
795951
161431
423405
903458
676513
286113
878922
503158
151616
343055
512739
448862
145464
514845
16432
55570
912093
137227
594677
709111
37193
438472
241044
802543
424308
605619
114461
899788
572784
2453
848045
361965
626187
456614
265125
248222
985676
309299
834929
281653
713230
841604
266899
296471
44959
60500
506049
141474
842293
385494
506175
478211
525413
77691
83131
458863
915186
685598
